2864
11005
11020
12028
12134
12258
12288
12295
12432
12483
12507
12509
12512
12528
12539
12601
12602
12608
12610
12615
12617
12618
12620
12621
12624
12625
12640
12643
12656
12658
12672
12674
12676
12678
12680
12683
12685
12686
12696
12759
12836
12840
12842
12864
12897
13352
15227
16022
16031
16127
16128
16188
16306
16308
16316
16336
16338
16343
16345
16346
16347
16348
16349
16382
16518
16524
16525
16528
16592
16603
16604
16605
16610
16612
16629
16630
16649
16859
16860
17209
17221
17229
17605
17606
17643
18464
18519
22113
22403
22609
22610
22611
22626
22630
22633
22637
22638
22640
22643
22650
22652
22681
22816
22882
56503
56909